4294967279,79
4294967279,78
4294967279,77
4294967279,75
4294967279,74
4294967279,73
4294967279,71
4294967279,70
4294967279,69
4294967279,66
4294967279,64
4294967279,63
4294967279,62
4294967279,569
4294967294,75
4294967294,104
4294967294,106
4294967294,169
4294967294,175
4294967294,183
4294967294,174
4294967294,173
4294967294,1414
4294967294,127
4294967294,14
4294967294,126
4294967294,13
4294967294,42
4294967294,99
4294967294,76
4294967294,120
4294967294,451
4294967294,443
4294967294,419
4294967279,281
4294967279,61
4294967278,258
4294967278,379
4294967278,378
4294967279,58
4294967278,256
4294967279,57
4294967279,56
4294967279,55
4294967278,364
4294967278,340
4294967278,339
4294967279,54
4294967279,53
4294967279,49
4294967279,48
4294967279,45
4294967279,44
4294967279,43
4294967279,41
4294967279,40
4294967279,39
4294967279,37
4294967279,36
4294967279,35
4294967279,34
4294967279,33
4294967279,31
4294967279,28
4294967279,25
4294967279,22
4294967279,20
4294967279,19
4294967279,17
4294967279,16
4294967279,15
4294967279,14
4294967279,13
4294967279,11
4294967278,338
4294967278,254
4294967294,469
4294967278,361
4294967278,253
4294967278,250
4294967278,248
4294967278,247
4294967294,416
4294967294,51
4294967294,52
4294967294,92
4294967294,88
4294967294,5
4294967278,244
4294967278,242
4294967278,240
4294967278,238
4294967278,335
4294967278,236
4294967278,234
4294967278,232
4294967278,230
4294967278,228
4294967278,226
4294967278,224
4294967278,222
4294967278,220
4294967278,219
4294967278,216
4294967278,132
4294967278,131
4294967278,130
4294967278,129
4294967278,128
4294967278,127
4294967278,126
4294967278,125
4294967278,124
4294967278,123
4294967278,122
4294967278,121
4294967278,120
4294967278,119
4294967278,118
4294967278,117
4294967278,116
4294967278,115
4294967278,114
4294967278,113
4294967278,112
4294967278,111
4294967278,110
4294967278,109
4294967278,108
4294967278,107
4294967278,106
4294967278,105
4294967278,104
4294967278,103
4294967278,102
4294967278,101
4294967278,100
4294967278,99
4294967278,98
4294967278,97
4294967278,96
4294967278,95
4294967278,94
4294967278,92
4294967278,89
4294967278,86
4294967278,85
4294967278,83
4294967278,82
4294967278,77
4294967278,75
4294967278,74
4294967278,73
4294967278,72
4294967278,70
4294967278,69
4294967278,68
4294967278,67
4294967278,66
4294967278,317
4294967278,65
4294967278,316
4294967278,64
4294967278,63
4294967278,62
4294967279,83
4294967279,82
4294967279,76
4294967279,72
4294967279,68
4294967279,67
4294967279,65
4294967279,554
4294967279,60
4294967279,59
4294967279,260
4294967279,531
4294967279,575
4294967279,553
4294967279,52
4294967279,51
4294967279,50
4294967279,0
4294967279,47
4294967279,46
4294967279,42
4294967279,295
4294967279,38
4294967279,32
4294967279,30
4294967279,29
4294967279,27
4294967279,26
4294967279,24
4294967279,23
4294967279,21
4294967279,18
4294967279,12
4294967279,10
4294967279,9
4294967279,8
4294967279,7
4294967279,6
4294967279,5
4294967279,4
4294967278,214
4294967278,213
4294967294,30
4294967294,61
4294967294,12
4294967294,18
4294967294,20
4294967278,210
4294967278,209
4294967278,208
4294967278,207
4294967294,11
4294967294,68
4294967278,93
4294967278,372
4294967294,6
4294967294,1000
4294967294,185
4294967294,436
4294967278,81
4294967278,91
4294967278,358
4294967279,513
4294967278,90
4294967278,201
4294967278,87
4294967278,200
4294967278,371
4294967278,199
4294967279,199
4294967294,1175
0,5
4294967278,84
4294967278,368
4294967278,194
102,6
4294967278,196
102,5
102,4
4294967278,195
102,3
102,2
102,1
4294967278,355
0,7
4294967294,17
4294967278,80
4294967278,354
4294967278,71
4294967294,81
4294967294,50
4294967294,89
4294967294,1010
4294967279,80
4294967278,79
4294967278,353
4294967294,22
4294967294,67
4294967279,192
4294967279,555
4294967278,387
4294967278,78
4294967279,191
4294967278,190
4294967294,38
4294967294,41
4294967294,387
4294967294,45
4294967294,44
4294967294,1174
4294967294,418
4294967294,1173
4294967294,29
4294967294,1017
4294967294,28
4294967294,1016
4294967294,27
4294967294,1018
4294967294,26
4294967294,91
4294967294,87
4294967294,85
4294967294,1
4294967294,1100
4294967294,46
4294967294,0
4294967294,43
4294967294,471
4294967294,25
4294967294,1415
4294967294,83
4294967294,1097
4294967294,82
4294967279,314
4294967279,539
4294967294,7
4294967278,189
4294967278,386
4294967278,347
4294967278,0
4294967278,76
4294967278,184
4294967294,94
4294967294,96
4294967294,93
4294967294,95
4294967294,9
4294967278,328
4294967278,385
